g =

   0.96135
   0.93743
   0.92330
   0.81031
   0.77481
   0.69743
   0.67738
   0.65538
   0.67380
   0.68263
   0.73995
   0.80023
   0.89470
   0.94522
   0.98390
   0.96808
   0.92822
   0.98129
   0.93201
   0.85624
   0.82090
   0.71857
   0.65630
   0.63586
   0.65546
   0.68887
   0.77199
   0.86877
   0.87090
   0.94940
   0.99382
   0.96920
   0.91017
   0.81348
   0.74390
   0.68798
   0.66064
   0.68852
   0.71452
   0.71520
   0.75974
   0.83544
   0.91365
   0.86619
   0.95486
   0.95799
   0.99618
   0.93513
   0.99271
   0.98701
   0.93498
   0.83931
   0.88272
   0.78326
   0.73132
   0.70878
   0.69136
   0.66600
   0.99895
   0.99132
   0.97258
   0.99866
   0.99943
   0.99632
   0.99876
   0.99974
   0.99642
   0.99882
   0.99726
   0.98755
   0.98753
   0.96776
   0.94686
   0.92797
   0.80560
   0.78585
   0.78850
   0.72779
   0.70241
   0.66705
   0.68029
   0.64863
   0.62559
   0.63964
   0.63791
   0.65912
   0.70272
   0.85599
   0.90371
   0.98381
   0.97399
   0.88481
   0.98444
   0.99699
   0.99811
   0.99989
   0.99999
   0.99863
   0.99999
   0.99996
   0.99907
   0.99992
   0.65021
   0.63074
   0.65401
   0.62879
   0.64698
   0.67520
   0.64643
   0.63304
   0.62121
   0.64675
   0.71138
   0.78268
   0.77634
   0.99279
   0.99904
   0.92663

J =  3.1645
thetaNew =

   1
   1
   1
   1
   1
   1
   1
   1
   1
   1
   1
   1
   1
   1
   1
   1
   1
   1
   1
   1
   1
   1
   1
   1
   1
   1
   1
   1

thetaNew =

   0
   1
   1
   1
   1
   1
   1
   1
   1
   1
   1
   1
   1
   1
   1
   1
   1
   1
   1
   1
   1
   1
   1
   1
   1
   1
   1
   1

grad =

 Columns 1 through 13:

   0.346045   0.161352   0.194796   0.226863   0.092186   0.244386   0.143392   0.108442   0.102314   0.183468   0.173530   0.087256   0.118228

 Columns 14 through 26:

   0.085843   0.199949   0.135227   0.094975   0.093564   0.099798   0.091402   0.174852   0.149554   0.086786   0.098977   0.085320   0.101907

 Columns 27 and 28:

   0.084502   0.182283

